-20.000000
-19.959960
-19.919920
-19.879880
-19.839840
-19.799800
-19.759760
-19.719720
-19.679680
-19.639640
-19.599600
-19.559560
-19.519520
-19.479479
-19.439439
-19.399399
-19.359359
-19.319319
-19.279279
-19.239239
-19.199199
-19.159159
-19.119119
-19.079079
-19.039039
-18.998999
-18.958959
-18.918919
-18.878879
-18.838839
-18.798799
-18.758759
-18.718719
-18.678679
-18.638639
-18.598599
-18.558559
-18.518519
-18.478478
-18.438438
-18.398398
-18.358358
-18.318318
-18.278278
-18.238238
-18.198198
-18.158158
-18.118118
-18.078078
-18.038038
-17.997998
-17.957958
-17.917918
-17.877878
-17.837838
-17.797798
-17.757758
-17.717718
-17.677678
-17.637638
-17.597598
-17.557558
-17.517518
-17.477477
-17.437437
-17.397397
-17.357357
-17.317317
-17.277277
-17.237237
-17.197197
-17.157157
-17.117117
-17.077077
-17.037037
-16.996997
-16.956957
-16.916917
-16.876877
-16.836837
-16.796797
-16.756757
-16.716717
-16.676677
-16.636637
-16.596597
-16.556557
-16.516517
-16.476476
-16.436436
-16.396396
-16.356356
-16.316316
-16.276276
-16.236236
-16.196196
-16.156156
-16.116116
-16.076076
-16.036036
-15.995996
-15.955956
-15.915916
-15.875876
-15.835836
-15.795796
-15.755756
-15.715716
-15.675676
-15.635636
-15.595596
-15.555556
-15.515516
-15.475475
-15.435435
-15.395395
-15.355355
-15.315315
-15.275275
-15.235235
-15.195195
-15.155155
-15.115115
-15.075075
-15.035035
-14.994995
-14.954955
-14.914915
-14.874875
-14.834835
-14.794795
-14.754755
-14.714715
-14.674675
-14.634635
-14.594595
-14.554555
-14.514515
-14.474474
-14.434434
-14.394394
-14.354354
-14.314314
-14.274274
-14.234234
-14.194194
-14.154154
-14.114114
-14.074074
-14.034034
-13.993994
-13.953954
-13.913914
-13.873874
-13.833834
-13.793794
-13.753754
-13.713714
-13.673674
-13.633634
-13.593594
-13.553554
-13.513514
-13.473473
-13.433433
-13.393393
-13.353353
-13.313313
-13.273273
-13.233233
-13.193193
-13.153153
-13.113113
-13.073073
-13.033033
-12.992993
-12.952953
-12.912913
-12.872873
-12.832833
-12.792793
-12.752753
-12.712713
-12.672673
-12.632633
-12.592593
-12.552553
-12.512513
-12.472472
-12.432432
-12.392392
-12.352352
-12.312312
-12.272272
-12.232232
-12.192192
-12.152152
-12.112112
-12.072072
-12.032032
-11.991992
-11.951952
-11.911912
-11.871872
-11.831832
-11.791792
-11.751752
-11.711712
-11.671672
-11.631632
-11.591592
-11.551552
-11.511512
-11.471471
-11.431431
-11.391391
-11.351351
-11.311311
-11.271271
-11.231231
-11.191191
-11.151151
-11.111111
-11.071071
-11.031031
-10.990991
-10.950951
-10.910911
-10.870871
-10.830831
-10.790791
-10.750751
-10.710711
-10.670671
-10.630631
-10.590591
-10.550551
-10.510511
-10.470470
-10.430430
-10.390390
-10.350350
-10.310310
-10.270270
-10.230230
-10.190190
-10.150150
-10.110110
-10.070070
-10.030030
-9.989990
-9.949950
-9.909910
-9.869870
-9.829830
-9.789790
-9.749750
-9.709710
-9.669670
-9.629630
-9.589590
-9.549550
-9.509510
-9.469469
-9.429429
-9.389389
-9.349349
-9.309309
-9.269269
-9.229229
-9.189189
-9.149149
-9.109109
-9.069069
-9.029029
-8.988989
-8.948949
-8.908909
-8.868869
-8.828829
-8.788789
-8.748749
-8.708709
-8.668669
-8.628629
-8.588589
-8.548549
-8.508509
-8.468468
-8.428428
-8.388388
-8.348348
-8.308308
-8.268268
-8.228228
-8.188188
-8.148148
-8.108108
-8.068068
-8.028028
-7.987988
-7.947948
-7.907908
-7.867868
-7.827828
-7.787788
-7.747748
-7.707708
-7.667668
-7.627628
-7.587588
-7.547548
-7.507508
-7.467467
-7.427427
-7.387387
-7.347347
-7.307307
-7.267267
-7.227227
-7.187187
-7.147147
-7.107107
-7.067067
-7.027027
-6.986987
-6.946947
-6.906907
-6.866867
-6.826827
-6.786787
-6.746747
-6.706707
-6.666667
-6.626627
-6.586587
-6.546547
-6.506507
-6.466466
-6.426426
-6.386386
-6.346346
-6.306306
-6.266266
-6.226226
-6.186186
-6.146146
-6.106106
-6.066066
-6.026026
-5.985986
-5.945946
-5.905906
-5.865866
-5.825826
-5.785786
-5.745746
-5.705706
-5.665666
-5.625626
-5.585586
-5.545546
-5.505506
-5.465465
-5.425425
-5.385385
-5.345345
-5.305305
-5.265265
-5.225225
-5.185185
-5.145145
-5.105105
-5.065065
-5.025025
-4.984985
-4.944945
-4.904905
-4.864865
-4.824825
-4.784785
-4.744745
-4.704705
-4.664665
-4.624625
-4.584585
-4.544545
-4.504505
-4.464464
-4.424424
-4.384384
-4.344344
-4.304304
-4.264264
-4.224224
-4.184184
-4.144144
-4.104104
-4.064064
-4.024024
-3.983984
-3.943944
-3.903904
-3.863864
-3.823824
-3.783784
-3.743744
-3.703704
-3.663664
-3.623624
-3.583584
-3.543544
-3.503504
-3.463463
-3.423423
-3.383383
-3.343343
-3.303303
-3.263263
-3.223223
-3.183183
-3.143143
-3.103103
-3.063063
-3.023023
-2.982983
-2.942943
-2.902903
-2.862863
-2.822823
-2.782783
-2.742743
-2.702703
-2.662663
-2.622623
-2.582583
-2.542543
-2.502503
-2.462462
-2.422422
-2.382382
-2.342342
-2.302302
-2.262262
-2.222222
-2.182182
-2.142142
-2.102102
-2.062062
-2.022022
-1.981982
-1.941942
-1.901902
-1.861862
-1.821822
-1.781782
-1.741742
-1.701702
-1.661662
-1.621622
-1.581582
-1.541542
-1.501502
-1.461461
-1.421421
-1.381381
-1.341341
-1.301301
-1.261261
-1.221221
-1.181181
-1.141141
-1.101101
-1.061061
-1.021021
-0.980981
-0.940941
-0.900901
-0.860861
-0.820821
-0.780781
-0.740741
-0.700701
-0.660661
-0.620621
-0.580581
-0.540541
-0.500501
-0.460460
-0.420420
-0.380380
-0.340340
-0.300300
-0.260260
-0.220220
-0.180180
-0.140140
-0.100100
-0.060060
-0.020020
0.020020
0.060060
0.100100
0.140140
0.180180
0.220220
0.260260
0.300300
0.340340
0.380380
0.420420
0.460460
0.500501
0.540541
0.580581
0.620621
0.660661
0.700701
0.740741
0.780781
0.820821
0.860861
0.900901
0.940941
0.980981
1.021021
1.061061
1.101101
1.141141
1.181181
1.221221
1.261261
1.301301
1.341341
1.381381
1.421421
1.461461
1.501502
1.541542
1.581582
1.621622
1.661662
1.701702
1.741742
1.781782
1.821822
1.861862
1.901902
1.941942
1.981982
2.022022
2.062062
2.102102
2.142142
2.182182
2.222222
2.262262
2.302302
2.342342
2.382382
2.422422
2.462462
2.502503
2.542543
2.582583
2.622623
2.662663
2.702703
2.742743
2.782783
2.822823
2.862863
2.902903
2.942943
2.982983
3.023023
3.063063
3.103103
3.143143
3.183183
3.223223
3.263263
3.303303
3.343343
3.383383
3.423423
3.463463
3.503504
3.543544
3.583584
3.623624
3.663664
3.703704
3.743744
3.783784
3.823824
3.863864
3.903904
3.943944
3.983984
4.024024
4.064064
4.104104
4.144144
4.184184
4.224224
4.264264
4.304304
4.344344
4.384384
4.424424
4.464464
4.504505
4.544545
4.584585
4.624625
4.664665
4.704705
4.744745
4.784785
4.824825
4.864865
4.904905
4.944945
4.984985
5.025025
5.065065
5.105105
5.145145
5.185185
5.225225
5.265265
5.305305
5.345345
5.385385
5.425425
5.465465
5.505506
5.545546
5.585586
5.625626
5.665666
5.705706
5.745746
5.785786
5.825826
5.865866
5.905906
5.945946
5.985986
6.026026
6.066066
6.106106
6.146146
6.186186
6.226226
6.266266
6.306306
6.346346
6.386386
6.426426
6.466466
6.506507
6.546547
6.586587
6.626627
6.666667
6.706707
6.746747
6.786787
6.826827
6.866867
6.906907
6.946947
6.986987
7.027027
7.067067
7.107107
7.147147
7.187187
7.227227
7.267267
7.307307
7.347347
7.387387
7.427427
7.467467
7.507508
7.547548
7.587588
7.627628
7.667668
7.707708
7.747748
7.787788
7.827828
7.867868
7.907908
7.947948
7.987988
8.028028
8.068068
8.108108
8.148148
8.188188
8.228228
8.268268
8.308308
8.348348
8.388388
8.428428
8.468468
8.508509
8.548549
8.588589
8.628629
8.668669
8.708709
8.748749
8.788789
8.828829
8.868869
8.908909
8.948949
8.988989
9.029029
9.069069
9.109109
9.149149
9.189189
9.229229
9.269269
9.309309
9.349349
9.389389
9.429429
9.469469
9.509510
9.549550
9.589590
9.629630
9.669670
9.709710
9.749750
9.789790
9.829830
9.869870
9.909910
9.949950
9.989990
10.030030
10.070070
10.110110
10.150150
10.190190
10.230230
10.270270
10.310310
10.350350
10.390390
10.430430
10.470470
10.510511
10.550551
10.590591
10.630631
10.670671
10.710711
10.750751
10.790791
10.830831
10.870871
10.910911
10.950951
10.990991
11.031031
11.071071
11.111111
11.151151
11.191191
11.231231
11.271271
11.311311
11.351351
11.391391
11.431431
11.471471
11.511512
11.551552
11.591592
11.631632
11.671672
11.711712
11.751752
11.791792
11.831832
11.871872
11.911912
11.951952
11.991992
12.032032
12.072072
12.112112
12.152152
12.192192
12.232232
12.272272
12.312312
12.352352
12.392392
12.432432
12.472472
12.512513
12.552553
12.592593
12.632633
12.672673
12.712713
12.752753
12.792793
12.832833
12.872873
12.912913
12.952953
12.992993
13.033033
13.073073
13.113113
13.153153
13.193193
13.233233
13.273273
13.313313
13.353353
13.393393
13.433433
13.473473
13.513514
13.553554
13.593594
13.633634
13.673674
13.713714
13.753754
13.793794
13.833834
13.873874
13.913914
13.953954
13.993994
14.034034
14.074074
14.114114
14.154154
14.194194
14.234234
14.274274
14.314314
14.354354
14.394394
14.434434
14.474474
14.514515
14.554555
14.594595
14.634635
14.674675
14.714715
14.754755
14.794795
14.834835
14.874875
14.914915
14.954955
14.994995
15.035035
15.075075
15.115115
15.155155
15.195195
15.235235
15.275275
15.315315
15.355355
15.395395
15.435435
15.475475
15.515516
15.555556
15.595596
15.635636
15.675676
15.715716
15.755756
15.795796
15.835836
15.875876
15.915916
15.955956
15.995996
16.036036
16.076076
16.116116
16.156156
16.196196
16.236236
16.276276
16.316316
16.356356
16.396396
16.436436
16.476476
16.516517
16.556557
16.596597
16.636637
16.676677
16.716717
16.756757
16.796797
16.836837
16.876877
16.916917
16.956957
16.996997
17.037037
17.077077
17.117117
17.157157
17.197197
17.237237
17.277277
17.317317
17.357357
17.397397
17.437437
17.477477
17.517518
17.557558
17.597598
17.637638
17.677678
17.717718
17.757758
17.797798
17.837838
17.877878
17.917918
17.957958
17.997998
18.038038
18.078078
18.118118
18.158158
18.198198
18.238238
18.278278
18.318318
18.358358
18.398398
18.438438
18.478478
18.518519
18.558559
18.598599
18.638639
18.678679
18.718719
18.758759
18.798799
18.838839
18.878879
18.918919
18.958959
18.998999
19.039039
19.079079
19.119119
19.159159
19.199199
19.239239
19.279279
19.319319
19.359359
19.399399
19.439439
19.479479
19.519520
19.559560
19.599600
19.639640
19.679680
19.719720
19.759760
19.799800
19.839840
19.879880
19.919920
19.959960
20.000000
