318.000000
316.800001
315.602407
314.407218
313.214434
312.024054
310.836079
309.650509
308.467344
307.286584
306.108228
304.932278
303.758732
302.587591
301.418854
300.252523
299.088596
297.927074
296.767957
295.611245
294.456937
293.305035
292.155537
291.008444
289.863756
288.721472
287.581594
286.444120
285.309051
284.176387
283.046127
281.918273
280.792823
279.669778
278.549138
277.430902
276.315072
275.201646
274.090625
272.982009
271.875798
270.771991
269.670590
268.571593
267.475001
266.380813
265.289031
264.199653
263.112680
262.028112
260.945949
259.866191
258.788837
257.713888
256.641344
255.571205
254.503470
253.438141
252.375216
251.314696
250.256581
249.200871
248.147565
247.096664
246.048168
245.002077
243.958391
242.917109
241.878233
240.841761
239.807694
238.776031
237.746774
236.719921
235.695473
234.673430
233.653792
232.636558
231.621730
230.609306
229.599287
228.591673
227.586463
226.583659
225.583259
224.585264
223.589674
222.596488
221.605708
220.617332
219.631361
218.647795
217.666634
216.687877
215.711525
214.737578
213.766036
212.796899
211.830167
210.865839
209.903916
208.944398
207.987285
207.032576
206.080272
205.130374
204.182880
203.237790
202.295106
201.354826
200.416951
199.481481
198.548416
197.617756
196.689500
195.763650
194.840204
193.919162
193.000526
192.084295
191.170468
190.259046
189.350029
188.443416
187.539209
186.637406
185.738008
184.841015
183.946427
183.054243
182.164465
181.277091
180.392122
179.509558
178.629398
177.751644
176.876294
176.003349
175.132808
174.264673
173.398942
172.535617
171.674696
170.816180
169.960068
169.106362
168.255060
167.406163
166.559671
165.715583
164.873901
164.034623
163.197750
162.363282
161.531219
160.701560
159.874307
159.049458
158.227014
157.406975
156.589340
155.774110
154.961286
154.150866
153.342850
152.537240
151.734034
150.933234
150.134838
149.338846
148.545260
147.754078
146.965302
146.178930
145.394963
144.613400
143.834243
143.057490
142.283142
141.511199
140.741661
139.974527
139.209798
138.447475
137.687555
136.930041
136.174932
135.422227
134.671927
133.924032
133.178542
132.435456
131.694776
130.956500
130.220629
129.487163
128.756101
128.027445
127.301193
126.577346
125.855904
125.136867
124.420234
123.706006
122.994183
122.284765
121.577752
120.873143
120.170940
119.471141
118.773747
118.078757
117.386173
116.695993
116.008218
115.322848
114.639883
113.959323
113.281167
112.605416
111.932070
111.261129
110.592593
109.926461
109.262734
108.601412
107.942495
107.285983
106.631875
105.980172
105.330874
104.683981
104.039493
103.397409
102.757731
102.120457
101.485588
100.853123
100.223064
99.595409
98.970159
98.347314
97.726874
97.108839
96.493208
95.879982
95.269161
94.660745
94.054733
93.451127
92.849925
92.251128
91.654736
91.060748
90.469166
89.879988
89.293215
88.708847
88.126884
87.547325
86.970171
86.395422
85.823078
85.253139
84.685605
84.120475
83.557750
82.997430
82.439515
81.884004
81.330898
80.780198
80.231902
79.686010
79.142524
78.601442
78.062765
77.526493
76.992626
76.461164
75.932106
75.405454
74.881206
74.359362
73.839924
73.322890
72.808262
72.296038
71.786219
71.278804
70.773795
70.271190
69.770990
69.273195
68.777805
68.284819
67.794239
67.306063
66.820292
66.336926
65.855964
65.377407
64.901256
64.427509
63.956166
63.487229
63.020696
62.556569
62.094846
61.635527
61.178614
60.724105
60.272002
59.822303
59.375009
58.930119
58.487635
58.047555
57.609880
57.174610
56.741745
56.311284
55.883229
55.457578
55.034332
54.613490
54.195054
53.779022
53.365395
52.954173
52.545356
52.138944
51.734936
51.333333
50.934135
50.537342
50.142954
49.750970
49.361391
48.974217
48.589448
48.207084
47.827124
47.449570
47.074420
46.701675
46.331334
45.963399
45.597868
45.234742
44.874021
44.515705
44.159793
43.806287
43.455185
43.106488
42.760196
42.416308
42.074826
41.735748
41.399075
41.064807
40.732943
40.403485
40.076431
39.751782
39.429538
39.109698
38.792264
38.477234
38.164609
37.854389
37.546574
37.241163
36.938157
36.637556
36.339360
36.043569
35.750183
35.459201
35.170624
34.884452
34.600685
34.319322
34.040365
33.763812
33.489664
33.217921
32.948582
32.681649
32.417120
32.154996
31.895277
31.637962
31.383053
31.130548
30.880448
30.632753
30.387463
30.144577
29.904096
29.666020
29.430349
29.197083
28.966221
28.737765
28.511713
28.288066
28.066824
27.847986
27.631553
27.417526
27.205903
26.996684
26.789871
26.585462
26.383459
26.183860
25.986665
25.791876
25.599491
25.409512
25.221937
25.036766
24.854001
24.673641
24.495685
24.320134
24.146988
23.976247
23.807910
23.641978
23.478451
23.317329
23.158612
23.002300
22.848392
22.696889
22.547791
22.401098
22.256809
22.114926
21.975447
21.838373
21.703704
21.571439
21.441580
21.314125
21.189075
21.066430
20.946189
20.828354
20.712923
20.599897
20.489276
20.381060
20.275248
20.171842
20.070840
19.972243
19.876050
19.782263
19.690880
19.601902
19.515329
19.431161
19.349397
19.270039
19.193085
19.118536
19.046392
18.976652
18.909318
18.844388
18.781863
18.721743
18.664027
18.608717
18.555811
18.505310
18.457214
18.411523
18.368236
18.327354
18.288877
18.252805
18.219138
18.187876
18.159018
18.132565
18.108517
18.086874
18.067635
18.050802
18.036373
18.024349
18.014729
18.007515
18.002705
18.000301
18.000301
18.002705
18.007515
18.014729
18.024349
18.036373
18.050802
18.067635
18.086874
18.108517
18.132565
18.159018
18.187876
18.219138
18.252805
18.288877
18.327354
18.368236
18.411523
18.457214
18.505310
18.555811
18.608717
18.664027
18.721743
18.781863
18.844388
18.909318
18.976652
19.046392
19.118536
19.193085
19.270039
19.349397
19.431161
19.515329
19.601902
19.690880
19.782263
19.876050
19.972243
20.070840
20.171842
20.275248
20.381060
20.489276
20.599897
20.712923
20.828354
20.946189
21.066430
21.189075
21.314125
21.441580
21.571439
21.703704
21.838373
21.975447
22.114926
22.256809
22.401098
22.547791
22.696889
22.848392
23.002300
23.158612
23.317329
23.478451
23.641978
23.807910
23.976247
24.146988
24.320134
24.495685
24.673641
24.854001
25.036766
25.221937
25.409512
25.599491
25.791876
25.986665
26.183860
26.383459
26.585462
26.789871
26.996684
27.205903
27.417526
27.631553
27.847986
28.066824
28.288066
28.511713
28.737765
28.966221
29.197083
29.430349
29.666020
29.904096
30.144577
30.387463
30.632753
30.880448
31.130548
31.383053
31.637962
31.895277
32.154996
32.417120
32.681649
32.948582
33.217921
33.489664
33.763812
34.040365
34.319322
34.600685
34.884452
35.170624
35.459201
35.750183
36.043569
36.339360
36.637556
36.938157
37.241163
37.546574
37.854389
38.164609
38.477234
38.792264
39.109698
39.429538
39.751782
40.076431
40.403485
40.732943
41.064807
41.399075
41.735748
42.074826
42.416308
42.760196
43.106488
43.455185
43.806287
44.159793
44.515705
44.874021
45.234742
45.597868
45.963399
46.331334
46.701675
47.074420
47.449570
47.827124
48.207084
48.589448
48.974217
49.361391
49.750970
50.142954
50.537342
50.934135
51.333333
51.734936
52.138944
52.545356
52.954173
53.365395
53.779022
54.195054
54.613490
55.034332
55.457578
55.883229
56.311284
56.741745
57.174610
57.609880
58.047555
58.487635
58.930119
59.375009
59.822303
60.272002
60.724105
61.178614
61.635527
62.094846
62.556569
63.020696
63.487229
63.956166
64.427509
64.901256
65.377407
65.855964
66.336926
66.820292
67.306063
67.794239
68.284819
68.777805
69.273195
69.770990
70.271190
70.773795
71.278804
71.786219
72.296038
72.808262
73.322890
73.839924
74.359362
74.881206
75.405454
75.932106
76.461164
76.992626
77.526493
78.062765
78.601442
79.142524
79.686010
80.231902
80.780198
81.330898
81.884004
82.439515
82.997430
83.557750
84.120475
84.685605
85.253139
85.823078
86.395422
86.970171
87.547325
88.126884
88.708847
89.293215
89.879988
90.469166
91.060748
91.654736
92.251128
92.849925
93.451127
94.054733
94.660745
95.269161
95.879982
96.493208
97.108839
97.726874
98.347314
98.970159
99.595409
100.223064
100.853123
101.485588
102.120457
102.757731
103.397409
104.039493
104.683981
105.330874
105.980172
106.631875
107.285983
107.942495
108.601412
109.262734
109.926461
110.592593
111.261129
111.932070
112.605416
113.281167
113.959323
114.639883
115.322848
116.008218
116.695993
117.386173
118.078757
118.773747
119.471141
120.170940
120.873143
121.577752
122.284765
122.994183
123.706006
124.420234
125.136867
125.855904
126.577346
127.301193
128.027445
128.756101
129.487163
130.220629
130.956500
131.694776
132.435456
133.178542
133.924032
134.671927
135.422227
136.174932
136.930041
137.687555
138.447475
139.209798
139.974527
140.741661
141.511199
142.283142
143.057490
143.834243
144.613400
145.394963
146.178930
146.965302
147.754078
148.545260
149.338846
150.134838
150.933234
151.734034
152.537240
153.342850
154.150866
154.961286
155.774110
156.589340
157.406975
158.227014
159.049458
159.874307
160.701560
161.531219
162.363282
163.197750
164.034623
164.873901
165.715583
166.559671
167.406163
168.255060
169.106362
169.960068
170.816180
171.674696
172.535617
173.398942
174.264673
175.132808
176.003349
176.876294
177.751644
178.629398
179.509558
180.392122
181.277091
182.164465
183.054243
183.946427
184.841015
185.738008
186.637406
187.539209
188.443416
189.350029
190.259046
191.170468
192.084295
193.000526
193.919162
194.840204
195.763650
196.689500
197.617756
198.548416
199.481481
200.416951
201.354826
202.295106
203.237790
204.182880
205.130374
206.080272
207.032576
207.987285
208.944398
209.903916
210.865839
211.830167
212.796899
213.766036
214.737578
215.711525
216.687877
217.666634
218.647795
219.631361
220.617332
221.605708
222.596488
223.589674
224.585264
225.583259
226.583659
227.586463
228.591673
229.599287
230.609306
231.621730
232.636558
233.653792
234.673430
235.695473
236.719921
237.746774
238.776031
239.807694
240.841761
241.878233
242.917109
243.958391
245.002077
246.048168
247.096664
248.147565
249.200871
250.256581
251.314696
252.375216
253.438141
254.503470
255.571205
256.641344
257.713888
258.788837
259.866191
260.945949
262.028112
263.112680
264.199653
265.289031
266.380813
267.475001
268.571593
269.670590
270.771991
271.875798
272.982009
274.090625
275.201646
276.315072
277.430902
278.549138
279.669778
280.792823
281.918273
283.046127
284.176387
285.309051
286.444120
287.581594
288.721472
289.863756
291.008444
292.155537
293.305035
294.456937
295.611245
296.767957
297.927074
299.088596
300.252523
301.418854
302.587591
303.758732
304.932278
306.108228
307.286584
308.467344
309.650509
310.836079
312.024054
313.214434
314.407218
315.602407
316.800001
318.000000
