30.012899
29.977087
29.941274
29.905461
29.869648
29.833835
29.798022
29.762209
29.726396
29.690583
29.654770
29.618958
29.583145
29.547332
29.511519
29.475706
29.439893
29.404080
29.368267
29.332454
29.296641
29.260829
29.225016
29.189203
29.153390
29.117577
29.081764
29.045951
29.010138
28.974325
28.938512
28.902700
28.866887
28.831074
28.795261
28.759448
28.723635
28.687822
28.652009
28.616196
28.580383
28.544571
28.508758
28.472945
28.437132
28.401319
28.365506
28.329693
28.293880
28.258067
28.222254
28.186442
28.150629
28.114816
28.079003
28.043190
28.007377
27.971564
27.935751
27.899938
27.864125
27.828313
27.792500
27.756687
27.720874
27.685061
27.649248
27.613435
27.577622
27.541809
27.505996
27.470184
27.434371
27.398558
27.362745
27.326932
27.291119
27.255306
27.219493
27.183680
27.147867
27.112055
27.076242
27.040429
27.004616
26.968803
26.932990
26.897177
26.861364
26.825551
26.789738
26.753926
26.718113
26.682300
26.646487
26.610674
26.574861
26.539048
26.503235
26.467422
26.431609
26.395797
26.359984
26.324171
26.288358
26.252545
26.216732
26.180919
26.145106
26.109293
26.073480
26.037668
26.001855
25.966042
25.930229
25.894416
25.858603
25.822790
25.786977
25.751164
25.715351
25.679539
25.643726
25.607913
25.572100
25.536287
25.500474
25.464661
25.428848
25.393035
25.357222
25.321410
25.285597
25.249784
25.213971
25.178158
25.142345
25.106532
25.070719
25.034906
24.999093
24.963280
24.927468
24.891655
24.855842
24.820029
24.784216
24.748403
24.712590
24.676777
24.640964
24.605151
24.569339
24.533526
24.497713
24.461900
24.426087
24.390274
24.354461
24.318648
24.282835
24.247022
24.211210
24.175397
24.139584
24.103771
24.067958
24.032145
23.996332
23.960519
23.924706
23.888893
23.853081
23.817268
23.781455
23.745642
23.709829
23.674016
23.638203
23.602390
23.566577
23.530764
23.494952
23.459139
23.423326
23.387513
23.351700
23.315887
23.280074
23.244261
23.208448
23.172635
23.136823
23.101010
23.065197
23.029384
22.993571
22.957758
22.921945
22.886132
22.850319
22.814506
22.778694
22.742881
22.707068
22.671255
22.635442
22.599629
22.563816
22.528003
22.492190
22.456377
22.420565
22.384752
22.348939
22.313126
22.277313
22.241500
22.205687
22.169874
22.134061
22.098248
22.062436
22.026623
21.990810
21.954997
21.919184
21.883371
21.847558
21.811745
21.775932
21.740119
21.704307
21.668494
21.632681
21.596868
21.561055
21.525242
21.489429
21.453616
21.417803
21.381990
21.346178
21.310365
21.274552
21.238739
21.202926
21.167113
21.131300
21.095487
21.059674
21.023861
20.988049
20.952236
20.916423
20.880610
20.844797
20.808984
20.773171
20.737358
20.701545
20.665732
20.629920
20.594107
20.558294
20.522481
20.486668
20.450855
20.415042
20.379229
20.343416
20.307603
20.271791
20.235978
20.200165
20.164352
20.128539
20.092726
20.056913
20.021100
19.985287
19.949474
19.913662
19.877849
19.842036
19.806223
19.770410
19.734597
19.698784
19.662971
19.627158
19.591345
19.555533
19.519720
19.483907
19.448094
19.412281
19.376468
19.340655
19.304842
19.269029
19.233216
19.197404
19.161591
19.125778
19.089965
19.054152
19.018339
18.982526
18.946713
18.910900
18.875087
18.839275
18.803462
18.767649
18.731836
18.696023
18.660210
18.624397
18.588584
18.552771
18.516958
18.481145
18.445333
18.409520
18.373707
18.337894
18.302081
18.266268
18.230455
18.194642
18.158829
18.123016
18.087204
18.051391
18.015578
17.979765
17.943952
17.908139
17.872326
17.836513
17.800700
17.764887
17.729075
17.693262
17.657449
17.621636
17.585823
17.550010
17.514197
17.478384
17.442571
17.406758
17.370946
17.335133
17.299320
17.263507
17.227694
17.191881
17.156068
17.120255
17.084442
17.048629
17.012817
16.977004
16.941191
16.905378
16.869565
16.833752
16.797939
16.762126
16.726313
16.690500
16.654688
16.618875
16.583062
16.547249
16.511436
16.475623
16.439810
16.403997
16.368184
16.332371
16.296559
16.260746
16.224933
16.189120
16.153307
16.117494
16.081681
16.045868
16.010055
15.974242
15.938430
15.902617
15.866804
15.830991
15.795178
15.759365
15.723552
15.687739
15.651926
15.616113
15.580301
15.544488
15.508675
15.472862
15.437049
15.401236
15.365423
15.329610
15.293797
15.257984
15.222172
15.186359
15.150546
15.114733
15.078920
15.043107
15.007294
14.971481
14.935668
14.899855
14.864043
14.828230
14.792417
14.756604
14.720791
14.684978
14.649165
14.613352
14.577539
14.541726
14.505914
14.470101
14.434288
14.398475
14.362662
14.326849
14.291036
14.255223
14.219410
14.183597
14.147785
14.111972
14.076159
14.040346
14.004533
13.968720
13.932907
13.897094
13.861281
13.825468
13.789656
13.753843
13.718030
13.682217
13.646404
13.610591
13.574778
13.538965
13.503152
13.467339
13.431527
13.395714
13.359901
13.324088
13.288275
13.252462
13.216649
13.180836
13.145023
13.109210
13.073398
13.037585
13.001772
12.965959
12.930146
12.894333
12.858520
12.822707
12.786894
12.751081
12.715269
12.679456
12.643643
12.607830
12.572017
12.536204
12.500391
12.464578
12.428765
12.392952
12.357140
12.321327
12.285514
12.249701
12.213888
12.178075
12.142262
12.106449
12.070636
12.034823
11.999011
11.963198
11.927385
11.891572
11.855759
11.819946
11.784133
11.748320
11.712507
11.676694
11.640881
11.605069
11.569256
11.533443
11.497630
11.461817
11.426004
11.390191
11.354378
11.318565
11.282752
11.246940
11.211127
11.175314
11.139501
11.103688
11.067875
11.032062
10.996249
10.960436
10.924623
10.888811
10.852998
10.817185
10.781372
10.745559
10.709746
10.673933
10.638120
10.602307
10.566494
10.530682
10.494869
10.459056
10.423243
10.387430
10.351617
10.315804
10.279991
10.244178
10.208365
10.172553
10.136740
10.100927
10.065114
10.029301
9.993488
9.957675
9.921862
9.886049
9.850236
9.814424
9.778611
9.742798
9.706985
9.671172
9.635359
9.599546
9.563733
9.527920
9.492107
9.456295
9.420482
9.384669
9.348856
9.313043
9.277230
9.241417
9.205604
9.169791
9.133978
9.098166
9.062353
9.026540
8.990727
8.954914
8.919101
8.883288
8.847475
8.811662
8.775849
8.740037
8.704224
8.668411
8.632598
8.596785
8.560972
8.525159
8.489346
8.453533
8.417720
8.381908
8.346095
8.310282
8.274469
8.238656
8.202843
8.167030
8.131217
8.095404
8.059591
8.023779
7.987966
7.952153
7.916340
7.880527
7.844714
7.808901
7.773088
7.737275
7.701462
7.665650
7.629837
7.594024
7.558211
7.522398
7.486585
7.450772
7.414959
7.379146
7.343333
7.307521
7.271708
7.235895
7.200082
7.164269
7.128456
7.092643
7.056830
7.021017
6.985204
6.949392
6.913579
6.877766
6.841953
6.806140
6.770327
6.734514
6.698701
6.662888
6.627075
6.591263
6.555450
6.519637
6.483824
6.448011
6.412198
6.376385
6.340572
6.304759
6.268946
6.233134
6.197321
6.161508
6.125695
6.089882
6.054069
6.018256
5.982443
5.946630
5.910817
5.875005
5.839192
5.803379
5.767566
5.731753
5.695940
5.660127
5.624314
5.588501
5.552688
5.516876
5.481063
5.445250
5.409437
5.373624
5.337811
5.301998
5.266185
5.230372
5.194559
5.158746
5.122934
5.087121
5.051308
5.015495
4.979682
4.943869
4.908056
4.872243
4.836430
4.800617
4.764805
4.728992
4.693179
4.657366
4.621553
4.585740
4.549927
4.514114
4.478301
4.442488
4.406676
4.370863
4.335050
4.299237
4.263424
4.227611
4.191798
4.155985
4.120172
4.084359
4.048547
4.012734
3.976921
3.941108
3.905295
3.869482
3.833669
3.797856
3.762043
3.726230
3.690418
3.654605
3.618792
3.582979
3.547166
3.511353
3.475540
3.439727
3.403914
3.368101
3.332289
3.296476
3.260663
3.224850
3.189037
3.153224
3.117411
3.081598
3.045785
3.009972
2.974160
2.938347
2.902534
2.866721
2.830908
2.795095
2.759282
2.723469
2.687656
2.651843
2.616031
2.580218
2.544405
2.508592
2.472779
2.436966
2.401153
2.365340
2.329527
2.293714
2.257902
2.222089
2.186276
2.150463
2.114650
2.078837
2.043024
2.007211
1.971398
1.935585
1.899773
1.863960
1.828147
1.792334
1.756521
1.720708
1.684895
1.649082
1.613269
1.577456
1.541644
1.505831
1.470018
1.434205
1.398392
1.362579
1.326766
1.290953
1.255140
1.219327
1.183515
1.147702
1.111889
1.076076
1.040263
1.004450
0.968637
0.932824
0.897011
0.861198
0.825386
0.789573
0.753760
0.717947
0.682134
0.646321
0.610508
0.574695
0.538882
0.503069
0.467257
0.431444
0.395631
0.359818
0.324005
0.288192
0.252379
0.216566
0.180753
0.144940
0.109128
0.073315
0.037502
0.001689
-0.034124
-0.069937
-0.105750
-0.141563
-0.177376
-0.213189
-0.249001
-0.284814
-0.320627
-0.356440
-0.392253
-0.428066
-0.463879
-0.499692
-0.535505
-0.571318
-0.607130
-0.642943
-0.678756
-0.714569
-0.750382
-0.786195
-0.822008
-0.857821
-0.893634
-0.929447
-0.965259
-1.001072
-1.036885
-1.072698
-1.108511
-1.144324
-1.180137
-1.215950
-1.251763
-1.287576
-1.323388
-1.359201
-1.395014
-1.430827
-1.466640
-1.502453
-1.538266
-1.574079
-1.609892
-1.645705
-1.681518
-1.717330
-1.753143
-1.788956
-1.824769
-1.860582
-1.896395
-1.932208
-1.968021
-2.003834
-2.039647
-2.075459
-2.111272
-2.147085
-2.182898
-2.218711
-2.254524
-2.290337
-2.326150
-2.361963
-2.397776
-2.433588
-2.469401
-2.505214
-2.541027
-2.576840
-2.612653
-2.648466
-2.684279
-2.720092
-2.755905
-2.791717
-2.827530
-2.863343
-2.899156
-2.934969
-2.970782
-3.006595
-3.042408
-3.078221
-3.114034
-3.149846
-3.185659
-3.221472
-3.257285
-3.293098
-3.328911
-3.364724
-3.400537
-3.436350
-3.472163
-3.507975
-3.543788
-3.579601
-3.615414
-3.651227
-3.687040
-3.722853
-3.758666
-3.794479
-3.830292
-3.866104
-3.901917
-3.937730
-3.973543
-4.009356
-4.045169
-4.080982
-4.116795
-4.152608
-4.188421
-4.224233
-4.260046
-4.295859
-4.331672
-4.367485
-4.403298
-4.439111
-4.474924
-4.510737
-4.546550
-4.582362
-4.618175
-4.653988
-4.689801
-4.725614
-4.761427
-4.797240
-4.833053
-4.868866
-4.904679
-4.940491
-4.976304
-5.012117
-5.047930
-5.083743
-5.119556
-5.155369
-5.191182
-5.226995
-5.262808
-5.298620
-5.334433
-5.370246
-5.406059
-5.441872
-5.477685
-5.513498
-5.549311
-5.585124
-5.620937
-5.656749
-5.692562
-5.728375
-5.764188
