0.062857
0.125714
0.188571
0.251429
0.314286
0.377143
0.440000
0.502857
0.565714
0.628571
0.691429
0.754286
0.817143
0.880000
0.942857
1.005714
1.068571
1.131429
1.194286
1.257143
1.320000
1.382857
1.445714
1.508571
1.571429
1.634286
1.697143
1.760000
1.822857
1.885714
1.948571
2.011429
2.074286
2.137143
2.200000
2.262857
2.325714
2.388571
2.451429
2.514286
2.577143
2.640000
2.702857
2.765714
2.828571
2.891429
2.954286
3.017143
3.080000
3.142857
3.205714
3.268571
3.331429
3.394286
3.457143
3.520000
3.582857
3.645714
3.708571
3.771429
3.834286
3.897143
3.960000
4.022857
4.085714
4.148571
4.211429
4.274286
4.337143
4.400000
4.462857
4.525714
4.588571
4.651429
4.714286
4.777143
4.840000
4.902857
4.965714
5.028571
5.091429
5.154286
5.217143
5.280000
5.342857
5.405714
5.468571
5.531429
5.594286
5.657143
5.720000
5.782857
5.845714
5.908571
5.971429
6.034286
6.097143
6.160000
6.222857
6.285714
